crossing time (s)	slope (V/s)	crossing number
4536.876406	3.708711	2099
4537.918517	3.628316	2100
4538.912254	3.477484	2101
4539.953415	3.361661	2102
4540.947686	3.540150	2103
4541.987642	3.436254	2104
4542.981700	3.809297	2105
4544.020396	3.168531	2106
4545.016514	3.996935	2107
4546.056279	3.437875	2108
4547.053142	3.922242	2109
4548.092800	3.698001	2110
4549.087686	3.583669	2111
4550.129560	3.251693	2112
4551.122216	3.408296	2113
4552.166466	3.015361	2114
4553.157155	3.467155	2115
4554.201096	3.069454	2116
4555.193611	3.465148	2117
4556.237206	3.431000	2118
4557.230624	3.736059	2119
4558.270845	3.399204	2120
4559.266586	3.861257	2121
4560.304675	3.489724	2122
4561.302464	3.752077	2123
4562.339030	3.293893	2124
4563.338879	3.387716	2125
4564.373293	3.236077	2126
4565.376008	3.328189	2127
4566.408310	2.989471	2128
4567.414383	2.992827	2129
4568.442910	3.117960	2130
4569.452761	3.311228	2131
4570.478117	3.624915	2132
4571.489853	3.529656	2133
4572.512695	3.704372	2134
4573.526286	3.689092	2135
4574.547870	3.774019	2136
4575.561166	3.742518	2137
4576.583314	3.845644	2138
4577.595464	3.876820	2139
4578.618724	3.745033	2140
4579.629044	3.727787	2141
4580.654980	3.531426	2142
4581.662329	3.643575	2143
4582.691913	3.706303	2144
4583.696392	3.646703	2145
4584.728538	3.426681	2146
4585.730231	3.691745	2147
4586.765732	3.603079	2148
4587.763713	3.651127	2149
4588.801759	3.695958	2150
4589.799458	3.853143	2151
4590.837343	3.834032	2152
4591.833761	4.124920	2153
4592.872851	3.747389	2154
4593.868643	4.090357	2155
4594.907862	3.788745	2156
4595.903952	4.129020	2157
4596.942345	3.697542	2158
4597.940060	4.103781	2159
4598.977791	3.641371	2160
4599.975760	4.003606	2161
4601.013760	3.696614	2162
4602.010932	3.793831	2163
4603.050168	3.703814	2164
4604.047090	3.833069	2165
4605.085587	3.754265	2166
4606.082201	3.931470	2167
4607.121061	3.661404	2168
4608.116876	4.052833	2169
4609.156689	3.662474	2170
4610.151977	3.904277	2171
4611.191193	3.686134	2172
4612.187240	3.984720	2173
4613.226480	3.567458	2174
4614.223294	4.016254	2175
4615.262760	3.531313	2176
4616.259577	3.743119	2177
4617.297468	3.645008	2178
4618.297185	3.600006	2179
4619.332059	3.468536	2180
4620.334540	3.725680	2181
4621.366455	3.727381	2182
4622.372944	3.656432	2183
4623.401293	3.947010	2184
4624.410908	3.899097	2185
4625.435668	3.952118	2186
4626.447202	3.991073	2187
4627.471101	3.870964	2188
4628.483525	4.009923	2189
4629.506358	3.912802	2190
4630.518783	4.213360	2191
4631.541077	4.073394	2192
4632.553487	4.148846	2193
4633.577082	3.927611	2194
4634.588375	3.936605	2195
4635.614193	4.113205	2196
4636.623251	4.039220	2197
4637.650912	4.063886	2198
4638.657652	4.169365	2199
4639.687427	4.055702	2200
4640.690726	4.060316	2201
4641.724027	4.043717	2202
4642.725521	4.060860	2203
4643.760114	4.247732	2204
4644.759445	4.326679	2205
4645.795968	4.093113	2206
4646.794105	4.307214	2207
4647.832345	4.098595	2208
4648.828707	4.435665	2209
4649.867537	4.177547	2210
4650.864984	4.496840	2211
4651.902885	4.111061	2212
4652.900218	4.496947	2213
4653.938836	4.039522	2214
4654.936613	4.266322	2215
4655.974804	4.236259	2216
4656.972073	4.322076	2217
4658.009854	4.129198	2218
4659.007953	4.334252	2219
4660.045366	3.900108	2220
4661.043220	4.242276	2221
4662.082043	4.018254	2222
4663.078973	4.298810	2223
4664.117002	4.475672	2224
4665.114319	4.368056	2225
4666.151765	4.093100	2226
4667.148852	4.383520	2227
4668.187958	3.976531	2228
4669.184947	4.439044	2229
4670.221998	4.293280	2230
4671.221278	4.169914	2231
4672.257428	3.921278	2232
4673.258121	4.432179	2233
4674.292193	3.983996	2234
4675.294848	4.142084	2235
4676.326192	4.307216	2236
4677.334209	4.140531	2237
4678.361098	4.034699	2238
4679.370503	4.546447	2239
4680.395813	4.058768	2240
4681.407221	4.316009	2241
4682.431280	4.323871	2242
4683.443213	4.459351	2243
4684.466665	4.285547	2244
4685.478566	4.187134	2245
4686.501549	4.405502	2246
4687.514081	4.191104	2247
4688.537227	4.439379	2248
4689.548253	4.257590	2249
4690.573233	4.678848	2250
4691.583652	4.443948	2251
4692.609572	4.274972	2252
4693.617746	4.495045	2253
4694.646826	4.391730	2254
4695.651981	4.399241	2255
4696.682154	4.373072	2256
4697.686347	4.650508	2257
4698.718897	4.445015	2258
4699.720487	4.483363	2259
4700.756017	4.506662	2260
4701.755754	4.658234	2261
4702.791922	4.619235	2262
4703.790630	4.764811	2263
4704.827528	4.327159	2264
4705.825764	4.702947	2265
4706.863849	4.435506	2266
4707.861569	4.736126	2267
4708.898540	4.582980	2268
4709.897938	4.634842	2269
4710.933890	4.502304	2270
4711.933780	4.868410	2271
4712.969941	4.619600	2272
4713.968479	4.647018	2273
4715.005070	4.453512	2274
4716.003810	4.499714	2275
4717.042141	4.441620	2276
4718.040464	4.939042	2277
4719.077030	4.859334	2278
4720.075537	4.814237	2279
4721.111880	4.607397	2280
4722.110952	4.756305	2281
4723.147366	4.317448	2282
4724.145424	4.783333	2283
4725.182458	4.336075	2284
4726.183386	4.717956	2285
4727.217477	4.660723	2286
4728.220247	4.665159	2287
4729.252608	4.527494	2288
4730.256093	4.376768	2289
4731.287558	4.471443	2290
4732.295524	4.657561	2291
4733.322859	4.717761	2292
4734.331844	4.604226	2293
4735.358653	5.043099	2294
4736.367844	4.582916	2295
4737.392806	4.714683	2296
4738.403461	5.043625	2297
4739.428622	4.806234	2298
4740.438886	4.580792	2299
4741.462770	4.687360	2300
4742.475960	4.781152	2301
4743.499608	4.666028	2302
4744.510135	4.791165	2303
4745.534412	4.966053	2304
4746.544690	4.830543	2305
4747.571407	4.672062	2306
4748.578788	4.775511	2307
4749.607696	4.689885	2308
4750.614105	4.996510	2309
4751.643767	4.703848	2310
4752.647089	4.905993	2311
4753.680283	4.635050	2312
4754.681920	4.887762	2313
4755.715333	4.858633	2314
4756.716552	4.949098	2315
4757.751722	4.664038	2316
4758.752033	5.010585	2317
4759.787926	4.808764	2318
4760.787978	4.932994	2319
4761.823413	4.899444	2320
4762.822450	5.045245	2321
4763.858933	4.711063	2322
4764.858504	4.886836	2323
4765.895190	4.939811	2324
4766.894461	5.113236	2325
4767.930787	4.943734	2326
4768.930090	5.197927	2327
4769.966332	4.787554	2328
4770.965582	5.076536	2329
4772.002603	4.929563	2330
4773.002038	5.036886	2331
4774.037416	4.903455	2332
4775.037052	5.105818	2333
4776.072905	4.717161	2334
4777.072466	4.906767	2335
4778.108606	4.709748	2336
4779.109644	4.791589	2337
4780.144373	4.742801	2338
4781.146187	4.958510	2339
4782.179051	5.071473	2340
4783.182487	5.059705	2341
4784.213101	5.023795	2342
4785.219461	5.029343	2343
4786.248182	4.968907	2344
4787.256291	4.840314	2345
4788.283392	5.049990	2346
4789.292786	4.994307	2347
4790.318137	5.066198	2348
4791.328502	5.090881	2349
4792.353186	5.076624	2350
4793.364357	5.127080	2351
4794.389334	4.937903	2352
4795.400054	5.091157	2353
4796.425407	5.002083	2354
4797.435448	5.326291	2355
4798.461125	4.950259	2356
4799.469916	5.317966	2357
4800.497727	4.938852	2358
4801.505123	4.953522	2359
4802.533957	5.136780	2360
4803.540400	5.306041	2361
4804.569317	5.105185	2362
4805.573971	5.247990	2363
4806.605322	5.020312	2364
4807.608911	5.143254	2365
4808.642891	5.031804	2366
4809.644422	5.043995	2367
4810.678638	5.106580	2368
4811.679685	5.259932	2369
4812.714221	5.248974	2370
4813.714592	5.426457	2371
4814.749302	5.150095	2372
4815.749871	5.398403	2373
4816.785552	5.176496	2374
4817.785085	5.446347	2375
4818.820994	5.146199	2376
4819.820505	5.282452	2377
4820.857108	5.308584	2378
4821.856799	5.172677	2379
4822.892887	5.197742	2380
4823.893392	5.415535	2381
4824.928772	5.356082	2382
4825.928730	5.485527	2383
4826.963854	5.359596	2384
4827.964591	5.496161	2385
4828.999214	5.173837	2386
4829.999815	5.364684	2387
4831.035630	5.194885	2388
4832.036357	5.211201	2389
4833.070547	5.275970	2390
4834.072763	5.337020	2391
4835.105549	5.158167	2392
4836.108907	5.345300	2393
4837.140803	4.914518	2394
4838.146227	5.337368	2395
4839.175429	5.202844	2396
4840.182526	5.322446	2397
4841.210956	5.310684	2398
4842.219287	5.394358	2399
4843.245175	5.413759	2400
4844.254487	5.490263	2401
4845.280547	5.348539	2402
4846.290683	5.308050	2403
4847.316042	5.429412	2404
4848.326498	5.409857	2405
4849.350981	5.509352	2406
4850.361631	5.490342	2407
4851.386138	5.447491	2408
4852.396640	5.451554	2409
4853.422383	5.273632	2410
4854.431953	5.450787	2411
4855.458982	5.434943	2412
4856.466605	5.570713	2413
4857.494002	5.576736	2414
4858.501030	5.666293	2415
4859.530894	5.418041	2416
4860.535047	5.529090	2417
4861.567143	5.404712	2418
4862.570782	5.515814	2419
4863.603189	5.610979	2420
4864.605075	5.485037	2421
4865.638424	5.526679	2422
4866.640553	5.761177	2423
4867.675685	5.273802	2424
4868.675853	5.540907	2425
4869.711215	5.633314	2426
4870.711825	5.523798	2427
4871.745922	5.396828	2428
4872.746579	5.713370	2429
4873.782447	5.439232	2430
4874.782832	5.495085	2431
