crossing time (s)	slope (V/s)	crossing number
5774.813372	2.792070	3121
5775.856222	3.152989	3122
5776.855925	3.275680	3123
5777.885531	3.403013	3124
5778.907651	3.986527	3125
5779.915456	3.263145	3126
5780.947362	3.801795	3127
5781.947209	3.784060	3128
5782.979166	4.119609	3129
5783.996703	3.689121	3130
5785.007171	3.095971	3131
5786.042721	3.757063	3132
5787.038029	3.253604	3133
5788.074872	4.328914	3134
5789.081077	3.411217	3135
5790.104151	2.701771	3136
5791.128269	3.168950	3137
5792.127287	1.716269	3138
5793.168799	3.758218	3139
5794.165966	3.141646	3140
5795.202542	3.909769	3141
5796.203913	3.216130	3142
5797.232878	3.576249	3143
5798.246685	3.154845	3144
5799.266883	3.621869	3145
5800.290146	3.934835	3146
5801.304193	3.766691	3147
5802.330705	4.314116	3148
5803.338664	3.660047	3149
5804.365351	4.600690	3150
5805.372913	4.225073	3151
5806.396846	4.537546	3152
5807.408938	4.730512	3153
5808.428562	4.569298	3154
5809.448806	4.661510	3155
5810.460932	4.273589	3156
5811.489586	4.437386	3157
5812.491476	3.914292	3158
5813.528159	4.099700	3159
5814.523875	4.374725	3160
5815.560403	4.201695	3161
5816.563075	4.248882	3162
5817.591694	3.984988	3163
5818.610931	3.562317	3164
5819.621883	3.938307	3165
5820.655591	4.415139	3166
5821.653265	4.686453	3167
5822.688002	4.768937	3168
5823.691086	5.228609	3169
5824.718122	4.462245	3170
5825.737365	4.117591	3171
5826.748965	4.139202	3172
5827.783447	4.947490	3173
5828.782972	5.101238	3174
5829.817339	5.341158	3175
5830.818456	5.733625	3176
5831.848509	5.209894	3177
5832.856637	5.150929	3178
5833.881555	4.473171	3179
5834.898628	4.346030	3180
5835.915413	4.585967	3181
5836.943546	4.586396	3182
5837.951245	4.763968	3183
5838.983378	5.265578	3184
5839.987591	5.043780	3185
5841.020796	5.902565	3186
5842.023538	5.254828	3187
5843.056293	6.584597	3188
5844.063593	5.802214	3189
5845.092757	6.888087	3190
5846.102629	6.390066	3191
5847.130815	7.155990	3192
5848.142199	6.267464	3193
5849.166439	6.665176	3194
5850.183661	6.643136	3195
5851.199824	6.290594	3196
5852.222186	6.434720	3197
5853.229782	5.590034	3198
5854.259537	6.011630	3199
5855.261741	5.356681	3200
5856.295090	5.906005	3201
5857.298943	5.207154	3202
5858.328473	5.584356	3203
5859.342906	5.026665	3204
5860.357425	4.278996	3205
5861.386730	5.168179	3206
5862.386589	4.018218	3207
5863.423780	5.563787	3208
5864.423026	4.969948	3209
5865.455167	5.449721	3210
5866.461866	5.191919	3211
5867.486054	4.584376	3212
5868.505306	4.867290	3213
5869.517614	4.099984	3214
5870.548102	5.570778	3215
5871.551325	4.544154	3216
5872.584476	5.776078	3217
5873.586073	5.246757	3218
5874.620052	6.082069	3219
5875.621661	5.963948	3220
5876.656272	6.460646	3221
5877.657038	6.262000	3222
5878.691420	6.850336	3223
5879.694009	6.821906	3224
5880.727503	7.309052	3225
5881.728266	7.034252	3226
5882.761918	7.176544	3227
5883.765238	7.103228	3228
5884.797151	6.752334	3229
5885.799701	7.121166	3230
5886.831828	6.508508	3231
5887.833006	7.405098	3232
5888.866769	6.292427	3233
5889.872380	6.406208	3234
5890.900776	5.552334	3235
5891.918588	5.275968	3236
5892.934480	5.773603	3237
5893.962377	6.511817	3238
5894.967856	6.449718	3239
5895.997930	6.731197	3240
5896.999458	7.302896	3241
5898.030227	6.940271	3242
5899.034715	7.153992	3243
5900.061838	6.584287	3244
5901.078603	6.788832	3245
5902.096886	6.263767	3246
5903.123620	6.125351	3247
5904.128969	6.485875	3248
5905.163343	7.137896	3249
5906.164833	6.875105	3250
5907.199414	7.599320	3251
5908.199947	7.639616	3252
5909.232847	7.682943	3253
5910.235400	7.808455	3254
5911.265552	7.412209	3255
5912.271121	7.784395	3256
5913.302862	6.894531	3257
5914.307345	7.272409	3258
5915.338085	6.793454	3259
5916.343158	6.806690	3260
5917.375173	6.510573	3261
5918.379820	6.518923	3262
5919.414621	6.366663	3263
5920.415589	6.371381	3264
5921.451645	6.759934	3265
5922.453493	6.971922	3266
5923.487654	7.336832	3267
5924.491630	7.484087	3268
5925.523888	7.693509	3269
5926.530549	7.273212	3270
5927.559933	8.254135	3271
5928.572590	7.641024	3272
5929.593151	8.240280	3273
5930.612077	7.791406	3274
5931.623937	7.695780	3275
5932.650929	7.507501	3276
5933.655425	7.464815	3277
5934.688260	7.801904	3278
5935.691992	7.576913	3279
5936.724031	8.226718	3280
5937.730363	7.875505	3281
5938.759278	8.403055	3282
5939.771974	7.996867	3283
5940.794820	8.432292	3284
5941.810680	8.431472	3285
5942.827919	8.321369	3286
5943.847693	8.456399	3287
5944.860298	8.249469	3288
5945.882947	8.273164	3289
5946.893735	8.221856	3290
5947.919110	8.005464	3291
5948.928372	8.397226	3292
5949.954628	8.198389	3293
5950.963474	8.422932	3294
5951.988502	8.003136	3295
5952.999280	8.313347	3296
5954.024343	7.763198	3297
5955.037453	7.696814	3298
5956.059652	7.597943	3299
5957.078576	7.614748	3300
5958.093860	7.798637	3301
5959.118213	8.247535	3302
5960.128253	8.313538	3303
5961.155203	8.551387	3304
5962.159984	8.614175	3305
5963.191431	8.576535	3306
5964.193782	8.613112	3307
5965.225985	8.218673	3308
5966.230596	8.270021	3309
5967.260450	7.945678	3310
5968.272123	7.709448	3311
5969.294108	7.827000	3312
5970.315578	7.996918	3313
5971.328088	8.175720	3314
5972.355235	8.943649	3315
5973.361395	8.944678	3316
5974.389858	9.440123	3317
5975.394843	9.311832	3318
5976.424107	9.297864	3319
5977.428001	9.448445	3320
5978.460641	9.167171	3321
5979.463101	9.274636	3322
5980.496524	8.932844	3323
5981.499518	8.932781	3324
5982.533119	8.522495	3325
5983.535416	8.685445	3326
5984.569255	8.384096	3327
5985.570285	8.669864	3328
5986.605217	8.370051	3329
5987.608507	8.474749	3330
5988.641926	8.636373	3331
5989.646907	8.780602	3332
5990.677819	9.275715	3333
5991.687365	8.830444	3334
5992.711454	9.522036	3335
5993.726739	9.123022	3336
5994.744161	9.301928	3337
5995.764704	8.941788	3338
5996.776713	9.111378	3339
5997.803706	8.916596	3340
5998.809659	8.972697	3341
5999.840927	9.163452	3342
6000.845453	9.318911	3343
6001.877932	9.560890	3344
6002.883293	9.194564	3345
6003.912356	10.121287	3346
6004.922761	9.726885	3347
6005.947443	10.298106	3348
6006.959330	9.822551	3349
6007.979736	10.245286	3350
6008.995331	9.706399	3351
6010.013613	9.864390	3352
6011.030812	9.481978	3353
6012.048967	9.503149	3354
6013.067844	9.271651	3355
6014.084911	9.453683	3356
6015.103857	9.192884	3357
6016.121241	9.203685	3358
6017.138404	9.100535	3359
6018.158594	8.962993	3360
6019.175911	9.211019	3361
6020.198296	9.480446	3362
6021.209416	9.535919	3363
6022.235311	9.814107	3364
6023.242206	9.341227	3365
6024.269843	9.519795	3366
6025.276515	9.804569	3367
6026.305508	9.629869	3368
6027.311215	9.391635	3369
6028.342414	9.001066	3370
6029.347266	9.054757	3371
6030.377850	8.959291	3372
6031.387878	8.915667	3373
6032.411698	9.452590	3374
6033.429050	9.582453	3375
6034.443674	10.228221	3376
6035.468794	10.255124	3377
6036.477578	9.946168	3378
6037.502785	10.195564	3379
6038.512353	10.222526	3380
6039.539406	10.270498	3381
6040.544622	10.189840	3382
6041.574946	10.097947	3383
6042.580675	9.913104	3384
6043.611841	9.589195	3385
6044.617235	9.581975	3386
6045.649098	9.693285	3387
6046.654413	9.650469	3388
6047.685425	9.841121	3389
6048.691421	9.891808	3390
6049.719233	10.136128	3391
6050.729453	9.856220	3392
6051.754727	10.168689	3393
6052.766821	10.121652	3394
6053.789539	10.569823	3395
6054.804510	10.161217	3396
6055.821867	10.425700	3397
6056.843253	9.942028	3398
6057.855113	10.120944	3399
6058.882740	9.781789	3400
6059.889069	9.954895	3401
6060.918422	9.875755	3402
6061.923290	10.087904	3403
6062.955117	10.308704	3404
6063.960283	10.048767	3405
6064.989127	10.483082	3406
6065.997483	10.741000	3407
6067.024140	10.437121	3408
6068.032745	10.446479	3409
6069.059190	10.337654	3410
6070.073780	10.250330	3411
6071.094108	10.274071	3412
6072.108022	10.252369	3413
6073.128008	10.095955	3414
6074.144187	9.991556	3415
6075.167010	9.830346	3416
6076.179729	10.011351	3417
6077.202350	10.305142	3418
6078.217628	10.267982	3419
6079.238850	10.315201	3420
6080.250808	10.478856	3421
6081.277664	10.510750	3422
6082.286772	10.518430	3423
6083.315525	10.499772	3424
6084.319814	10.555106	3425
6085.350227	10.262536	3426
6086.355142	10.347006	3427
6087.385712	9.932962	3428
6088.391276	9.588163	3429
6089.420822	9.826218	3430
6090.431252	9.957415	3431
6091.456247	10.150148	3432
