time (s)	theta (A)	maj axis/z0	min axis/z0	crossing#mod 255
8386.074228	339.739014	0.786335	0.325484	81
8388.107891	336.724365	0.792891	0.323832	83
8390.150115	335.038452	0.795414	0.321903	85
8392.190259	334.920227	0.804443	0.320099	87
8394.223024	335.265198	0.812788	0.319601	89
8396.255145	337.261261	0.818629	0.315201	91
8398.286638	339.189453	0.823402	0.310543	93
8400.325144	339.350677	0.822686	0.305929	95
8402.366360	338.035492	0.825954	0.303269	97
8404.410261	336.620819	0.830749	0.301910	99
8406.452503	336.508240	0.837398	0.300493	101
8408.490643	336.675354	0.844347	0.299379	103
8410.522911	336.684479	0.849966	0.298591	105
8412.556746	336.758545	0.854058	0.296591	107
8414.592223	337.038757	0.856209	0.292749	109
8416.628274	337.094849	0.859456	0.290133	111
8418.667987	336.866180	0.860967	0.287847	113
8420.716739	337.046265	0.861191	0.284870	115
8422.763254	337.573761	0.865191	0.282488	117
8424.800735	338.128143	0.869574	0.279649	119
8426.834444	338.630219	0.877354	0.276452	121
8428.864147	338.697296	0.885544	0.273046	123
8430.890244	338.568756	0.891111	0.270422	125
8432.916021	340.032593	0.885717	0.267272	127
8434.949095	341.669769	0.887660	0.268318	129
8436.993152	341.086792	0.891301	0.267560	131
8439.032373	339.512634	0.894821	0.266683	133
8441.071351	337.879150	0.900079	0.264714	135
8443.119616	336.951080	0.903892	0.262260	137
8445.161500	337.396393	0.906536	0.257595	139
8447.194108	338.356720	0.912939	0.254721	141
8449.226534	338.756531	0.918507	0.253498	143
8451.259269	338.742981	0.921721	0.251786	145
8453.294189	338.538818	0.923230	0.250071	147
8455.329352	338.304565	0.925301	0.248321	149
8457.366089	337.970734	0.927576	0.247027	151
8459.403113	337.810852	0.930098	0.245897	153
8461.439748	337.611145	0.934420	0.245480	155
8463.475511	337.316650	0.938581	0.245804	157
8465.510923	337.233948	0.943592	0.246316	159
8467.544968	337.609070	0.948845	0.246288	161
8469.577576	338.797546	0.952848	0.244174	163
8471.609725	340.389801	0.953965	0.240691	165
8473.644870	341.438629	0.953866	0.236940	167
8475.682253	341.590240	0.953244	0.233390	169
8477.721210	340.933594	0.955389	0.231163	171
8479.761648	339.908783	0.959046	0.229801	173
8481.802475	339.104919	0.963616	0.229343	175
8483.840760	338.834442	0.967289	0.229551	177
8485.878323	338.757599	0.969764	0.229432	179
8487.913952	338.684631	0.971952	0.228863	181
8489.949285	338.824310	0.975842	0.228095	183
8491.985135	338.738892	0.978735	0.226954	185
8494.022625	338.798126	0.980423	0.225190	187
8496.060320	339.263519	0.983189	0.222817	189
8498.096006	339.980957	0.986590	0.219627	191
8500.129116	340.700684	0.990586	0.216404	193
8502.160420	341.388885	0.991719	0.215013	195
8504.192498	342.254333	0.989287	0.214477	197
8506.227207	342.775482	0.988971	0.215350	199
8508.264186	342.454651	0.990770	0.216503	201
8510.302525	341.710693	0.990575	0.216712	203
8512.342596	341.118744	0.992887	0.215204	205
8514.385729	340.733063	0.995483	0.213352	207
8516.426027	340.675812	0.997333	0.211921	209
8518.462700	340.664062	1.001584	0.210309	211
8520.496786	340.518768	1.004157	0.209107	213
8522.531246	340.316986	1.005778	0.208191	215
8524.566077	340.079254	1.007602	0.207697	217
8526.600702	339.810669	1.010208	0.207753	219
8528.636074	339.685120	1.013266	0.206814	221
8530.672024	339.582184	1.014721	0.206419	223
8532.707810	339.765533	1.017113	0.205670	225
8534.741928	340.369659	1.019107	0.204490	227
8536.774683	341.175842	1.022637	0.202691	229
8538.804751	342.221680	1.022154	0.200304	231
8540.836790	343.104340	1.022811	0.197828	233
8542.870930	343.653198	1.020991	0.194306	235
8544.908865	343.692657	1.020012	0.191768	237
8546.948110	343.177490	1.022169	0.189635	239
8548.988231	342.348907	1.025742	0.188061	241
8551.026839	341.577179	1.029555	0.187876	243
8553.064902	341.108063	1.031172	0.188441	245
8555.102196	340.966522	1.032568	0.188079	247
8557.139540	341.014679	1.035608	0.187046	249
8559.175336	341.077606	1.037298	0.186131	251
8561.210974	341.324615	1.038560	0.185060	253
8563.245022	341.681976	1.040646	0.183294	255
8565.278493	342.179016	1.043547	0.180570	1
8567.311804	342.815704	1.044154	0.178587	3
8569.345234	343.528717	1.043978	0.177668	5
8571.378709	343.866760	1.042396	0.177119	7
8573.413634	343.768433	1.041247	0.176890	9
8575.449309	343.358490	1.042990	0.177401	11
8577.488008	342.894745	1.044178	0.178254	13
8579.528426	342.577698	1.045381	0.178417	15
8581.568436	342.315002	1.047487	0.177892	17
8583.606836	342.050018	1.051095	0.176820	19
8585.643040	341.790405	1.052802	0.176004	21
8587.678243	341.608246	1.054551	0.174962	23
8589.713613	341.414215	1.055771	0.174400	25
8591.749127	341.360809	1.055759	0.173860	27
8593.784851	341.415405	1.058144	0.173773	29
8595.819789	341.568420	1.060033	0.172901	31
8597.854394	341.976929	1.060567	0.171121	33
8599.886478	342.527588	1.061706	0.169468	35
8601.918273	343.215973	1.064710	0.168076	37
8603.950395	343.985443	1.063779	0.166585	39
8605.984960	344.463379	1.061523	0.163862	41
8608.020855	344.625183	1.060416	0.161021	43
8610.058560	344.503174	1.060244	0.158756	45
8612.097498	343.935455	1.061952	0.157634	47
8614.135814	343.233917	1.064245	0.157496	49
8616.174018	342.666138	1.066352	0.156835	51
8618.211131	342.514557	1.069262	0.155716	53
8620.248051	342.459564	1.073649	0.154949	55
8622.283458	342.639404	1.074950	0.153860	57
8624.319177	342.757812	1.076050	0.153827	59
8626.353353	343.080017	1.076053	0.152692	61
8628.386787	343.540741	1.078004	0.151432	63
8630.420112	343.960541	1.078131	0.150954	65
8632.453394	344.365295	1.077549	0.151059	67
8634.488081	344.572021	1.077389	0.151355	69
8636.523182	344.385590	1.078107	0.151839	71
8638.559486	344.067139	1.079056	0.151800	73
8640.597617	343.731445	1.079592	0.152031	75
8642.636962	343.410858	1.080130	0.151598	77
8644.675818	343.160309	1.079916	0.151605	79
8646.713633	342.982635	1.081128	0.151029	81
8648.750481	342.717987	1.083333	0.150532	83
8650.785923	342.664337	1.084789	0.148488	85
8652.821386	342.615204	1.086031	0.147290	87
8654.855870	342.699188	1.087866	0.147056	89
8656.890772	342.858002	1.089228	0.146211	91
8658.925108	343.167236	1.090005	0.145461	93
8660.958611	343.670441	1.091498	0.144258	95
8662.991356	344.256317	1.092448	0.142821	97
8665.024733	344.881714	1.090012	0.141074	99
8667.058751	345.383484	1.089757	0.138604	101
8669.094580	345.626343	1.089082	0.136450	103
8671.131629	345.573120	1.088705	0.134661	105
8673.169628	345.288483	1.089768	0.132745	107
8675.206985	344.837708	1.090873	0.131386	109
8677.244411	344.503143	1.091805	0.130651	111
8679.281822	344.318878	1.092963	0.129752	113
8681.318194	344.252289	1.094661	0.129347	115
8683.354378	344.271057	1.095773	0.128884	117
8685.389209	344.376251	1.097733	0.128678	119
8687.423859	344.560883	1.098269	0.127594	121
8689.457641	344.847198	1.099041	0.126789	123
8691.491689	345.195221	1.097584	0.127469	125
8693.525675	345.355469	1.098309	0.127175	127
8695.560089	345.356995	1.096691	0.126968	129
8697.595035	345.303955	1.095066	0.126679	131
8699.631566	345.041107	1.095676	0.127222	133
8701.668722	344.767548	1.095738	0.127407	135
8703.706963	344.523102	1.096584	0.127657	137
