crossing time (s)	slope (V/s)	crossing number
8829.006280	3.815080	5555
8830.053928	2.433215	5556
8831.055575	3.031824	5557
8832.080046	4.247175	5558
8833.106138	4.854143	5559
8834.109052	4.777299	5560
8835.153364	2.839046	5561
8836.138477	3.233343	5562
8837.196928	2.832733	5563
8838.180059	2.148805	5564
8839.237273	3.417074	5565
8840.220576	1.462137	5566
8841.273117	3.196363	5567
8842.259438	2.079837	5568
8843.307133	3.392674	5569
8844.300258	2.670657	5570
8845.335880	3.085218	5571
8846.341740	3.175788	5572
8847.354596	4.185266	5573
8848.387394	3.453837	5574
8849.387151	4.038863	5575
8850.431887	2.454761	5576
8851.431616	4.059450	5577
8852.449890	5.535171	5578
8853.480828	5.381624	5579
8854.484221	4.839532	5580
8855.519276	3.973216	5581
8856.529965	5.206709	5582
8857.550171	6.491456	5583
8858.581904	5.572168	5584
8859.580897	4.420179	5585
8860.609628	4.693425	5586
8861.632828	5.726734	5587
8862.643665	5.324953	5588
8863.677843	4.888351	5589
8864.671963	4.155370	5590
8865.702948	5.061574	5591
8866.721429	5.487042	5592
8867.737547	5.831649	5593
8868.765754	5.079091	5594
8869.767540	5.025217	5595
8870.801817	4.395650	5596
8871.803415	5.123793	5597
8872.836373	4.597735	5598
8873.841578	5.435397	5599
8874.873437	4.421318	5600
8875.878615	4.767010	5601
8876.911435	3.885410	5602
8877.914837	4.464367	5603
8878.953512	3.727160	5604
8879.951082	3.743118	5605
8880.996576	3.988576	5606
8881.991263	3.246167	5607
8883.032433	5.262245	5608
8884.039360	5.087300	5609
8885.058657	5.996358	5610
8886.078117	6.309154	5611
8887.082727	5.685944	5612
8888.121191	3.953813	5613
8889.111423	3.909214	5614
8890.157068	4.596471	5615
8891.167468	4.630792	5616
8892.180784	5.702506	5617
8893.206886	5.476853	5618
8894.205162	5.670013	5619
8895.241849	4.185844	5620
8896.252712	4.507885	5621
8897.270561	5.192966	5622
8898.300530	6.100550	5623
8899.300174	6.071074	5624
8900.335905	5.106166	5625
8901.337943	5.041227	5626
8902.370321	5.209614	5627
8903.387624	5.599512	5628
8904.401535	6.022158	5629
8905.428221	6.065095	5630
8906.431342	5.636659	5631
8907.467235	4.511006	5632
8908.463596	4.608563	5633
8909.506306	4.208892	5634
8910.502330	3.795089	5635
8911.543116	4.574729	5636
8912.544418	4.367924	5637
8913.579328	5.256335	5638
8914.582173	4.844137	5639
8915.615724	5.757027	5640
8916.618861	5.362072	5641
8917.651723	5.628829	5642
8918.651954	5.241115	5643
8919.685084	5.152199	5644
8920.689204	5.429692	5645
8921.716101	5.686676	5646
8922.730038	5.863684	5647
8923.746800	6.545122	5648
8924.772307	6.348044	5649
8925.778371	6.626085	5650
8926.812100	5.903649	5651
8927.812905	6.233880	5652
8928.843712	5.856394	5653
8929.854047	6.334724	5654
8930.872970	7.106718	5655
8931.899635	6.574652	5656
8932.906640	6.681872	5657
8933.938056	6.494398	5658
8934.943456	6.335684	5659
8935.968867	6.776571	5660
8936.986067	7.001930	5661
8938.001106	7.450173	5662
8939.028301	6.733880	5663
8940.034672	6.925199	5664
8941.066441	6.421141	5665
8942.067926	6.619311	5666
8943.100357	6.501679	5667
8944.104642	6.539669	5668
8945.133229	6.652943	5669
8946.143505	6.713749	5670
8947.166636	6.977722	5671
8948.181057	6.451519	5672
8949.200428	7.050755	5673
8950.217913	6.311705	5674
8951.236513	6.975952	5675
8952.254878	6.096485	5676
8953.274648	6.651319	5677
8954.290763	5.974393	5678
8955.312892	6.167883	5679
8956.324709	5.803283	5680
8957.353820	5.812767	5681
8958.359119	5.502570	5682
8959.395529	5.890561	5683
8960.395274	5.611769	5684
8961.432706	6.286855	5685
8962.432273	6.049362	5686
8963.464700	6.517965	5687
8964.471976	6.634206	5688
8965.494321	6.359922	5689
8966.511947	6.477401	5690
8967.524742	6.177645	5691
8968.556385	5.997033	5692
8969.559223	5.873941	5693
8970.592712	6.416519	5694
8971.600142	6.508443	5695
8972.622007	6.611028	5696
8973.639504	7.018517	5697
8974.650912	6.625975	5698
8975.681558	6.159181	5699
8976.682521	5.794241	5700
8977.721343	5.785460	5701
8978.719533	5.327422	5702
8979.758110	6.251860	5703
8980.761576	5.777195	5704
8981.790373	6.774685	5705
8982.799155	6.757217	5706
8983.820917	6.799197	5707
8984.834319	7.238459	5708
8985.854631	6.725322	5709
8986.869903	6.924351	5710
8987.888060	6.473968	5711
8988.906142	6.814884	5712
8989.926834	6.586476	5713
8990.940889	6.548810	5714
8991.960297	6.622198	5715
8992.975782	7.243361	5716
8994.000797	6.420121	5717
8995.006535	6.785718	5718
8996.039109	6.603554	5719
8997.042593	6.266355	5720
8998.076886	6.239394	5721
8999.077364	6.128224	5722
9000.115020	5.554329	5723
9001.113421	6.184871	5724
9002.146884	5.778846	5725
9003.154702	6.045899	5726
9004.176545	6.615665	5727
9005.197054	6.426445	5728
9006.207622	7.114285	5729
9007.236718	6.478831	5730
9008.240642	6.778493	5731
9009.273314	5.786060	5732
9010.277866	6.523651	5733
9011.305646	6.284061	5734
9012.319220	6.654401	5735
9013.336397	7.312691	5736
9014.359997	6.657059	5737
9015.369782	7.252790	5738
9016.399380	6.472681	5739
9017.403315	6.993049	5740
9018.437649	6.504035	5741
9019.437648	6.743434	5742
9020.474093	6.186564	5743
9021.473482	6.383092	5744
9022.511683	5.833083	5745
9023.509144	6.130844	5746
9024.549707	5.843994	5747
9025.547313	5.686225	5748
9026.586252	6.092759	5749
9027.585041	5.812625	5750
9028.621511	6.238646	5751
9029.621963	6.153350	5752
9030.658411	6.692096	5753
9031.658576	6.538615	5754
9032.691813	7.090121	5755
9033.696216	6.986315	5756
9034.724655	6.815464	5757
9035.732926	7.220750	5758
9036.756910	6.653941	5759
9037.772193	6.678454	5760
9038.788541	6.453383	5761
9039.813637	6.618741	5762
9040.822521	6.493383	5763
9041.854223	6.770646	5764
9042.856659	6.735301	5765
9043.888675	6.718944	5766
9044.895194	6.834727	5767
9045.921197	6.646215	5768
9046.935209	7.270843	5769
9047.950750	6.819158	5770
9048.973660	7.106914	5771
9049.981947	6.805873	5772
9051.014241	6.428546	5773
9052.015648	6.423637	5774
9053.052504	6.520217	5775
9054.052385	6.135739	5776
9055.088542	6.819436	5777
9056.090303	6.609202	5778
9057.124429	6.822562	5779
9058.125345	7.107061	5780
9059.158969	6.946579	5781
9060.161650	6.886681	5782
9061.193995	6.988869	5783
9062.196414	7.276687	5784
9063.229113	6.842152	5785
9064.232011	6.774852	5786
9065.268558	6.518713	5787
9066.264777	6.753319	5788
9067.302096	6.528658	5789
9068.302293	6.386690	5790
9069.337221	6.211043	5791
9070.338269	6.591683	5792
9071.369245	6.559874	5793
9072.379054	6.321117	5794
9073.399627	6.720681	5795
9074.419641	6.662090	5796
9075.432403	6.948722	5797
9076.458890	6.626776	5798
9077.465912	7.119117	5799
9078.497346	6.463672	5800
9079.500190	6.813554	5801
9080.532164	6.197796	5802
9081.537421	6.516540	5803
9082.563921	6.385161	5804
9083.577718	6.384377	5805
9084.596713	6.778221	5806
9085.616753	6.690469	5807
9086.629545	6.808865	5808
9087.655554	6.650542	5809
9088.663663	6.644124	5810
9089.693589	6.666776	5811
9090.701075	6.479315	5812
9091.732050	7.032630	5813
9092.736377	6.637761	5814
9093.766411	6.984153	5815
9094.773270	7.038430	5816
9095.803464	6.986069	5817
9096.808646	7.036226	5818
9097.837919	7.111316	5819
9098.846362	7.445936	5820
9099.869635	6.973969	5821
9100.882009	7.308732	5822
9101.902528	6.852158	5823
9102.919084	6.940429	5824
9103.936251	6.612811	5825
9104.959701	6.806628	5826
9105.970365	6.678951	5827
9107.000554	7.000416	5828
9108.005292	6.932168	5829
9109.036889	6.952976	5830
9110.040729	7.070034	5831
9111.071725	6.929875	5832
9112.079234	7.301868	5833
9113.104038	6.889285	5834
9114.118257	7.221445	5835
9115.134694	7.113286	5836
9116.157146	7.206704	5837
9117.166177	6.882706	5838
9118.194970	6.717321	5839
9119.199919	6.765444	5840
9120.234543	6.679631	5841
9121.234894	6.577302	5842
9122.270991	6.999447	5843
9123.272362	6.839524	5844
9124.307581	7.018813	5845
9125.307050	6.839442	5846
9126.343061	6.822550	5847
9127.343516	6.866984	5848
9128.379172	7.210411	5849
9129.378903	7.011135	5850
9130.413443	6.860063	5851
9131.414377	7.020391	5852
9132.449306	6.868422	5853
9133.450354	6.852180	5854
9134.482796	6.907929	5855
9135.489145	6.871589	5856
9136.515380	6.958460	5857
9137.526739	6.906436	5858
9138.546747	7.130879	5859
9139.567884	6.810764	5860
9140.579947	7.272905	5861
9141.606615	6.950634	5862
