time (s)	theta (A)	maj axis/z0	min axis/z0	crossing#mod 255
5090.504690	343.248993	0.623673	0.282998	7
5092.542294	343.026154	0.629026	0.279078	9
5094.576517	342.349976	0.634657	0.276223	11
5096.612918	341.474823	0.639758	0.273887	13
5098.654560	340.793701	0.643196	0.271928	15
5100.700794	339.740662	0.648117	0.271226	17
5102.740061	337.770355	0.655807	0.270423	19
5104.778755	336.395050	0.662427	0.267586	21
5106.822623	336.572113	0.672841	0.261573	23
5108.845266	337.564636	0.680322	0.255091	25
5110.869321	337.972198	0.680390	0.252954	27
5112.902950	338.006989	0.677187	0.253770	29
5114.955844	337.631073	0.681592	0.253819	31
5116.996825	336.708069	0.691595	0.251488	33
5119.033226	335.751495	0.703312	0.248085	35
5121.070233	335.713715	0.710718	0.243728	37
5123.099874	336.409180	0.714681	0.239183	39
5125.128859	336.755188	0.717598	0.235991	41
5127.160045	336.507629	0.721615	0.233966	43
5129.193030	336.100830	0.725160	0.231390	45
5131.226891	335.818756	0.729962	0.229482	47
5133.262974	335.406189	0.734354	0.226920	49
5135.301800	334.951019	0.739102	0.224411	51
5137.344126	334.621582	0.743196	0.221239	53
5139.389618	334.326813	0.750088	0.218694	55
5141.432563	333.928162	0.758209	0.217578	57
5143.471158	333.494904	0.768680	0.218363	59
5145.498591	333.879333	0.775796	0.217671	61
5147.530246	335.854462	0.777753	0.213751	63
5149.564741	337.845428	0.776303	0.208102	65
5151.602564	337.697449	0.778948	0.203005	67
5153.641711	335.848755	0.785615	0.200775	69
5155.687043	333.611572	0.796967	0.201625	71
5157.731400	332.144104	0.805982	0.204270	73
5159.768057	332.156006	0.810523	0.204022	75
5161.799536	332.906555	0.816003	0.201666	77
5163.829832	333.376129	0.823774	0.200011	79
5165.861131	333.305084	0.828328	0.198498	81
5167.896301	333.237671	0.832422	0.195951	83
5169.930351	333.216400	0.836956	0.193227	85
5171.966412	332.785553	0.843717	0.191910	87
5174.002176	332.314514	0.849909	0.190571	89
5176.039009	331.895569	0.857640	0.189302	91
5178.077532	331.718170	0.866754	0.187511	93
5180.118507	332.176086	0.873867	0.183026	95
5182.151913	333.107544	0.880652	0.178767	97
5184.180667	333.453369	0.885375	0.176124	99
5186.211284	333.404816	0.885819	0.175122	101
5188.245988	333.360596	0.887285	0.175214	103
5190.288152	333.131531	0.892444	0.175113	105
5192.331496	332.654022	0.900002	0.174603	107
5194.370059	332.115051	0.907987	0.172815	109
5196.407144	331.636749	0.915459	0.170519	111
5198.443597	331.336639	0.923191	0.168543	113
5200.481640	331.238586	0.929527	0.166714	115
5202.519798	331.420288	0.934559	0.164476	117
5204.557879	331.521332	0.938868	0.162593	119
5206.595038	331.658539	0.943831	0.161989	121
5208.631701	331.640076	0.947363	0.160561	123
5210.668436	331.545105	0.952729	0.159280	125
5212.705666	331.313660	0.959245	0.159402	127
5214.740747	331.140076	0.964535	0.159784	129
5216.773135	331.134705	0.969383	0.159287	131
5218.804678	331.794800	0.974625	0.157673	133
5220.837013	333.051300	0.975863	0.155256	135
5222.871837	334.406952	0.976283	0.154205	137
5224.907618	334.992920	0.977546	0.152085	139
5226.945039	334.417511	0.983304	0.150256	141
5228.984508	333.205994	0.990676	0.148561	143
5231.025494	332.136261	0.998908	0.148514	145
5233.066089	331.442047	1.004554	0.148331	147
5235.105104	331.202698	1.009973	0.148688	149
5237.141920	331.129059	1.015157	0.148181	151
5239.177520	331.174774	1.019056	0.147055	153
5241.212991	331.378448	1.023702	0.146491	155
5243.248222	331.382019	1.028508	0.144797	157
5245.282858	331.422791	1.034266	0.143672	159
5247.317575	331.473969	1.041683	0.141986	161
5249.351018	331.691772	1.046538	0.139782	163
5251.383610	332.077667	1.050233	0.137568	165
5253.415249	332.384216	1.052855	0.136323	167
5255.446689	332.699554	1.052955	0.135507	169
5257.481605	332.843262	1.053519	0.135695	171
5259.519526	332.673401	1.057366	0.134973	173
5261.558835	332.367432	1.060627	0.133363	175
5263.597963	331.892639	1.066597	0.132858	177
5265.635791	331.512054	1.071710	0.132708	179
5267.674178	331.029022	1.077559	0.131346	181
5269.711727	330.851868	1.081685	0.130289	183
5271.749917	330.725769	1.088284	0.129694	185
5273.787356	330.666016	1.091752	0.128689	187
5275.824374	330.783508	1.095574	0.127996	189
5277.860374	330.846222	1.100899	0.126945	191
5279.894416	330.861938	1.104310	0.126768	193
5281.927771	331.079010	1.108470	0.125718	195
5283.961292	331.591339	1.113394	0.124329	197
5285.994684	332.345947	1.116571	0.122816	199
5288.028575	333.219391	1.118494	0.120995	201
5290.063582	333.891327	1.119520	0.119199	203
5292.099265	334.012848	1.121381	0.116630	205
5294.136216	333.641998	1.125379	0.114305	207
5296.175451	332.992462	1.131137	0.113549	209
5298.215158	332.454498	1.136614	0.113317	211
5300.253786	332.067047	1.142453	0.113311	213
5302.291021	331.781189	1.146405	0.113376	215
5304.327868	331.724426	1.150049	0.112383	217
5306.364053	331.742462	1.154418	0.111574	219
5308.399077	331.769043	1.158552	0.110782	221
5310.434125	331.928986	1.163205	0.109396	223
5312.468687	332.050262	1.166054	0.108264	225
5314.503428	332.334625	1.170493	0.106692	227
5316.536859	332.532227	1.172403	0.105414	229
5318.569317	332.767120	1.173403	0.104901	231
5320.602800	332.955872	1.171760	0.105480	233
5322.638133	333.036804	1.171254	0.106568	235
5324.675807	332.864929	1.174777	0.106660	237
5326.714330	332.542419	1.177907	0.106476	239
5328.752586	332.246826	1.182114	0.106036	241
5330.789864	331.970398	1.186339	0.105150	243
5332.827113	331.685638	1.190755	0.104736	245
5334.864779	331.477905	1.192969	0.105032	247
5336.902277	331.406219	1.195337	0.103965	249
5338.938990	331.388367	1.199122	0.104040	251
5340.974414	331.409912	1.202214	0.103801	253
5343.009631	331.539185	1.205150	0.102929	255
5345.043582	331.852081	1.208082	0.102264	1
5347.077313	332.241943	1.210295	0.101406	3
5349.110984	332.824890	1.210883	0.100704	5
5351.145635	333.392120	1.212358	0.099300	7
5353.180224	333.812195	1.212369	0.097414	9
5355.216046	333.932434	1.213872	0.095162	11
5357.253390	333.652252	1.218682	0.093912	13
5359.291372	333.141693	1.222809	0.092817	15
5361.329909	332.699799	1.226934	0.092807	17
5363.368039	332.419220	1.230538	0.092661	19
5365.404981	332.250885	1.235458	0.093268	21
5367.441730	332.126617	1.239138	0.092308	23
5369.478154	332.192261	1.242504	0.091575	25
5371.513895	332.271240	1.245341	0.090864	27
5373.549495	332.450714	1.246879	0.089918	29
5375.584140	332.664642	1.248447	0.088775	31
5377.618215	332.794586	1.251118	0.087760	33
5379.651682	332.933044	1.250862	0.087204	35
5381.684818	333.103149	1.248909	0.086863	37
5383.719944	333.220642	1.247487	0.087687	39
5385.756548	333.259033	1.248090	0.086432	41
5387.793765	333.113556	1.252394	0.085908	43
5389.830936	332.830658	1.256791	0.085970	45
5391.868028	332.599091	1.260708	0.086014	47
5393.905556	332.347565	1.263798	0.085683	49
5395.942900	332.184845	1.267390	0.085006	51
5397.980010	332.099426	1.270356	0.084827	53
5400.016432	332.071686	1.274085	0.085000	55
5402.052302	332.053070	1.275405	0.084339	57
5404.087210	332.226440	1.276881	0.083599	59
5406.122097	332.426147	1.279325	0.083019	61
