time (s)	energy (uJ)	charge (mC)	voltage (mV)	crossing#mod 255
7947.337183	26.899111	6.392838	4.207695	239
7948.338329	30.122679	6.400989	4.705942	240
7949.358204	25.375351	6.388725	3.971896	241
7950.389563	24.928963	6.388374	3.902239	242
7951.382200	28.286980	6.391112	4.425987	243
7952.401473	27.386736	6.374115	4.296555	244
7953.449089	28.686045	6.403049	4.480061	245
7954.444409	26.489201	6.372932	4.156518	246
7955.470300	26.005768	6.384929	4.072993	247
7956.475558	30.214863	6.374393	4.740038	248
7957.492602	26.395477	6.366885	4.145745	249
7958.537283	28.138689	6.382825	4.408501	250
7959.534670	26.174068	6.408478	4.084288	251
7960.561846	27.434488	6.395189	4.289864	252
7961.560965	29.177887	6.393703	4.563535	253
7962.591310	28.212006	6.361852	4.434559	254
7963.604255	28.551601	6.373617	4.479655	255
7964.638322	27.167484	6.381592	4.257164	0
7965.655671	28.410027	6.374249	4.457000	1
7966.663738	25.140261	6.383883	3.938083	2
7967.681568	26.475458	6.386699	4.145406	3
7968.699653	25.391737	6.351819	3.997554	4
7969.714680	26.487209	6.378282	4.152719	5
7970.740564	23.599169	6.376680	3.700855	6
7971.758417	27.668844	6.378734	4.337670	7
7972.784923	22.892239	6.372181	3.592528	8
7973.786416	23.991522	6.366005	3.768693	9
7974.823472	24.888268	6.368135	3.908250	10
7975.825998	23.485949	6.389746	3.675569	11
7976.859244	28.063555	6.391189	4.390976	12
7977.881208	25.461485	6.377387	3.992464	13
7978.886289	28.834209	6.398661	4.506289	14
7979.917118	23.798336	6.385547	3.726907	15
7980.923891	25.525429	6.392912	3.992770	16
7981.955650	26.799946	6.393220	4.191933	17
7982.974031	25.840305	6.373669	4.054228	18
7983.977561	27.993614	6.371022	4.393897	19
7985.014072	27.992079	6.370584	4.393958	20
7986.000667	23.856140	6.351141	3.756198	21
7987.034597	25.159691	6.373219	3.947721	22
7988.055212	23.645027	6.384442	3.703539	23
7989.057027	26.345667	6.392135	4.121576	24
7990.104113	27.652821	6.375130	4.337609	25
7991.089174	24.863260	6.382705	3.895411	26
7992.126054	24.141598	6.389946	3.778060	27
7993.140552	22.535702	6.376986	3.533911	28
7994.154064	23.745115	6.377502	3.723263	29
7995.194443	26.175512	6.405776	4.086236	30
7996.183434	25.080692	6.384392	3.928439	31
7997.220310	25.983728	6.381417	4.071781	32
7998.218017	24.333000	6.381820	3.812862	33
7999.268469	25.609192	6.405303	3.998124	34
8000.259506	22.132950	6.357774	3.481242	35
8001.293256	23.756163	6.349626	3.741348	36
8002.303776	20.363863	6.390998	3.186335	37
8003.338414	25.244919	6.370133	3.963013	38
8004.339087	20.948196	6.355974	3.295828	39
8005.364251	24.442980	6.400956	3.818645	40
8006.373423	20.821594	6.366759	3.270360	41
8007.411309	25.742287	6.386590	4.030678	42
8008.416350	22.249929	6.376081	3.489593	43
8009.439082	24.009281	6.348185	3.782071	44
8010.439194	22.131418	6.375662	3.471234	45
8011.484804	25.890612	6.379566	4.058366	46
8012.486771	25.938879	6.407118	4.048448	47
8013.505203	25.177872	6.397670	3.935475	48
8014.520568	25.045351	6.387776	3.920825	49
8015.535208	24.060223	6.384068	3.768792	50
8016.574550	25.098352	6.375439	3.936726	51
8017.576526	24.152597	6.383559	3.783563	52
8018.602304	24.065033	6.390197	3.765930	53
8019.604597	25.697210	6.393289	4.019404	54
8020.643421	24.916185	6.364285	3.915001	55
8021.660300	27.032400	6.382153	4.235624	56
8022.660658	21.369783	6.366312	3.356698	57
8023.693229	24.367243	6.401906	3.806248	58
8024.695439	21.050137	6.358164	3.310726	59
8025.737872	25.255621	6.411030	3.939402	60
8026.737589	23.754766	6.378214	3.724360	61
8027.755895	23.315931	6.389950	3.648844	62
8028.781808	22.477928	6.392505	3.516294	63
8029.797995	21.779381	6.392390	3.407080	64
8030.831729	22.672962	6.405493	3.539613	65
8031.820482	21.224140	6.364959	3.334529	66
8032.865291	23.911482	6.389920	3.742063	67
8033.858123	24.404457	6.391034	3.818547	68
8034.897494	23.949797	6.389456	3.748332	69
8035.899570	24.723171	6.351441	3.892529	70
8036.920652	21.304077	6.377919	3.340287	71
8037.937887	23.952374	6.402339	3.741191	72
8038.953517	20.925190	6.397063	3.271062	73
8039.986289	24.812706	6.381596	3.888167	74
8040.987933	20.447725	6.363776	3.213144	75
8042.010491	22.948534	6.395298	3.588345	76
8043.023667	19.931673	6.379187	3.124485	77
8044.057752	23.239397	6.378662	3.643303	78
8045.072459	20.660685	6.376069	3.240349	79
8046.081937	20.680040	6.370700	3.246117	80
8047.102942	18.179081	6.387929	2.845849	81
8048.126031	22.167028	6.389537	3.469270	82
8049.154161	19.712360	6.393662	3.083109	83
8050.147574	21.019268	6.386659	3.291121	84
8051.183561	19.353899	6.373541	3.036601	85
8052.182028	21.084591	6.364645	3.312768	86
8053.229675	21.302744	6.395854	3.330712	87
8054.219342	20.951380	6.392744	3.277369	88
8055.251598	19.977608	6.368740	3.136823	89
8056.263587	19.794046	6.387338	3.098951	90
8057.289848	22.056833	6.379483	3.457464	91
8058.306471	21.145443	6.373600	3.317661	92
8059.319276	22.667328	6.391045	3.546733	93
8060.356633	22.460747	6.380416	3.520264	94
8061.356651	20.607080	6.368856	3.235602	95
8062.379373	21.242773	6.389964	3.324397	96
8063.401947	19.643333	6.385513	3.076234	97
8064.407292	22.132622	6.401753	3.457275	98
8065.442917	21.577841	6.375024	3.384747	99
8066.445423	24.424799	6.394313	3.819769	100
8067.472770	19.193806	6.360337	3.017734	101
8068.470086	21.402081	6.380913	3.354078	102
8069.511210	18.107559	6.364037	2.845295	103
8070.521892	20.374531	6.371635	3.197693	104
8071.553645	20.535837	6.406473	3.205483	105
8072.563818	20.205944	6.395836	3.159234	106
8073.575543	19.447021	6.383121	3.046632	107
8074.590264	20.187126	6.392400	3.157989	108
8075.606205	20.645870	6.385689	3.233147	109
8076.636255	22.387091	6.405220	3.495132	110
8077.651021	22.348257	6.393332	3.495557	111
8078.672995	22.615587	6.395550	3.536144	112
8079.675739	19.872227	6.367464	3.120901	113
8080.698031	20.316772	6.383842	3.182530	114
8081.711796	19.347942	6.385541	3.029961	115
8082.742385	22.601620	6.404715	3.528903	116
8083.759171	21.727352	6.399405	3.395215	117
8084.774550	22.019186	6.380837	3.450830	118
8085.788742	18.601105	6.381730	2.914743	119
8086.797873	19.763872	6.394606	3.090710	120
8087.836779	20.597166	6.366989	3.234993	121
8088.841328	21.733990	6.381118	3.405985	122
8089.866915	18.709558	6.389963	2.927961	123
8090.866048	20.441784	6.384688	3.201689	124
8091.914864	19.907187	6.409163	3.106051	125
8092.913257	23.185104	6.371740	3.638740	126
8093.935667	18.019800	6.388182	2.820803	127
8094.943368	21.268625	6.380101	3.333588	128
8095.975543	20.113142	6.368178	3.158382	129
8096.986274	20.216234	6.372423	3.172457	130
8097.994785	18.591190	6.396146	2.906624	131
8099.026608	20.983822	6.390447	3.283624	132
8100.029057	18.968058	6.378474	2.973761	133
8101.073893	22.345011	6.399534	3.491662	134
8102.077545	21.026211	6.400768	3.284951	135
8103.095123	20.528616	6.389364	3.212936	136
8104.108211	19.208195	6.383799	3.008897	137
8105.125668	19.890057	6.392874	3.111286	138
8106.149069	18.627899	6.401539	2.909910	139
8107.168354	20.308426	6.367928	3.189173	140
8108.188175	18.236166	6.390003	2.853859	141
8109.190284	19.382202	6.387984	3.034166	142
8110.237120	19.859182	6.388826	3.108424	143
8111.225830	19.603308	6.389596	3.068004	144
8112.272961	20.264866	6.403140	3.164833	145
8113.271909	21.776241	6.380071	3.413166	146
8114.300341	17.231554	6.396927	2.693724	147
8115.298535	20.139887	6.384971	3.154265	148
8116.338230	15.898843	6.397514	2.485160	149
8117.335813	18.859600	6.350487	2.969788	150
8118.384246	16.830334	6.363112	2.644985	151
8119.382634	20.110287	6.403918	3.140310	152
8120.409723	15.353154	6.387451	2.403644	153
8121.410270	16.774719	6.381742	2.628549	154
8122.445131	15.668506	6.385174	2.453889	155
8123.456494	18.527010	6.389940	2.899403	156
8124.489718	17.994118	6.379258	2.820723	157
8125.493859	18.485601	6.382623	2.896239	158
8126.523993	18.267467	6.391237	2.858206	159
8127.520555	17.419704	6.378040	2.731200	160
8128.544586	16.970623	6.375405	2.661890	161
8129.571397	18.914326	6.396794	2.956845	162
8130.586246	18.337975	6.388836	2.870316	163
8131.602281	17.155663	6.396989	2.681834	164
8132.608752	15.910418	6.394907	2.487983	165
8133.642795	16.955999	6.381896	2.656891	166
8134.643863	15.669413	6.384354	2.454346	167
8135.687775	19.657135	6.383181	3.079520	168
8136.693375	16.821146	6.379601	2.636708	169
8137.708834	18.077579	6.355309	2.844485	170
8138.723015	15.619754	6.367806	2.452925	171
8139.739529	18.299952	6.386120	2.865582	172
8140.762749	15.741837	6.349273	2.479313	173
8141.770148	18.869493	6.377107	2.958942	174
8142.804220	15.166865	6.384704	2.375500	175
8143.815170	19.688953	6.377258	3.087370	176
8144.851240	16.678770	6.384093	2.612551	177
8145.852007	18.641254	6.378740	2.922404	178
8146.876960	15.251139	6.388838	2.387154	179
8147.877588	16.484449	6.386732	2.581046	180
8148.911585	15.830110	6.374185	2.483472	181
8149.914801	16.190269	6.391133	2.533240	182
8150.956687	17.021418	6.366367	2.673647	183
8151.959650	18.569700	6.404664	2.899403	184
8152.981728	16.195873	6.379782	2.538625	185
8153.984643	16.599333	6.376829	2.603070	186
8155.017940	16.031862	6.375381	2.514652	187
8156.030037	18.403812	6.377298	2.885833	188
8157.064764	17.667210	6.385128	2.766931	189
8158.054932	17.134855	6.382381	2.684712	190
8159.090941	15.833294	6.392295	2.476934	191
8160.089968	17.707819	6.388758	2.771716	192
8161.136683	16.713423	6.366511	2.625209	193
8162.127084	17.728514	6.381069	2.778299	194
8163.159658	14.927197	6.378713	2.340158	195
8164.166345	17.225836	6.385817	2.697515	196
8165.200954	16.632011	6.397188	2.599894	197
8166.216790	18.809843	6.385900	2.945527	198
8167.232115	16.950329	6.383659	2.655269	199
8168.246488	17.851557	6.375293	2.800116	200
8169.253714	15.119162	6.386997	2.367179	201
8170.287058	17.335915	6.396626	2.710166	202
8171.288992	14.927011	6.389489	2.336182	203
8172.333157	18.455635	6.401603	2.882971	204
8173.335622	17.046850	6.371240	2.675594	205
8174.355449	16.229809	6.370172	2.547782	206
8175.364280	15.503534	6.389605	2.426368	207
8176.386418	16.726048	6.359660	2.630023	208
8177.403817	15.188649	6.353879	2.390453	209
8178.428527	18.347378	6.386967	2.872628	210
8179.453035	16.811968	6.384661	2.633181	211
8180.452412	16.634560	6.384374	2.605512	212
8181.481744	14.748338	6.355988	2.320385	213
8182.487773	16.412979	6.363329	2.579307	214
8183.517966	15.440661	6.396346	2.413982	215
8184.534569	17.722849	6.385861	2.775326	216
8185.565317	16.518436	6.396317	2.582492	217
8186.570735	16.952822	6.363885	2.663911	218
8187.590715	15.153058	6.377531	2.376007	219
8188.596891	15.464996	6.381369	2.423461	220
8189.636067	16.300385	6.383939	2.553343	221
8190.633717	15.381360	6.381452	2.410323	222
8191.659408	15.226575	6.366614	2.391629	223
8192.680053	17.500612	6.370595	2.747092	224
8193.702474	16.782036	6.381110	2.629956	225
8194.717342	18.068850	6.378919	2.832588	226
8195.724965	15.016012	6.386937	2.351051	227
8196.747586	15.629200	6.381395	2.449182	228
8197.757536	14.406743	6.363718	2.263888	229
8198.787413	15.165217	6.377258	2.378016	230
8199.791557	14.029465	6.363510	2.204674	231
8200.835676	17.015123	6.358081	2.676141	232
8201.827668	13.497991	6.385029	2.114006	233
8202.859945	16.183189	6.360948	2.544147	234
8203.864346	13.664392	6.360834	2.148208	235
8204.902476	17.667515	6.370533	2.773318	236
8205.914223	15.151636	6.393586	2.369818	237
8206.922686	16.832830	6.386082	2.635862	238
8207.943247	13.706568	6.350168	2.158458	239
8208.955641	16.338282	6.391948	2.556072	240
8209.991971	15.570654	6.384817	2.438700	241
8210.988408	16.464561	6.365791	2.586413	242
8212.021344	13.600176	6.384463	2.130199	243
8213.022929	16.014400	6.379649	2.510232	244
8214.067826	15.264966	6.373816	2.394949	245
8215.069257	17.230173	6.398575	2.692814	246
8216.094437	13.369021	6.371313	2.098315	247
8217.094618	14.937188	6.350450	2.352147	248
8218.140104	15.264874	6.375239	2.394400	249
8219.131020	14.851401	6.394584	2.322497	250
8220.164822	14.093988	6.372789	2.211589	251
8221.175893	16.878712	6.378763	2.646080	252
8222.200069	14.338028	6.363961	2.253004	253
8223.201253	15.881559	6.382759	2.488197	254
8224.246330	15.238658	6.395496	2.382717	255
8225.237872	15.978786	6.369269	2.508732	0
8226.280583	15.152544	6.372045	2.377972	1
8227.286116	17.785452	6.382664	2.786525	2
8228.302385	14.063700	6.390925	2.200573	3
8229.313163	16.637949	6.399850	2.599741	4
8230.334395	13.930344	6.385997	2.181389	5
8231.363388	17.543489	6.377867	2.750683	6
8232.376930	15.220204	6.383511	2.384300	7
8233.393482	15.837145	6.361105	2.489685	8
8234.399223	13.909169	6.391654	2.176145	9
8235.432445	16.208706	6.379635	2.540695	10
8236.433244	14.187689	6.366747	2.228405	11
8237.478507	17.431801	6.365994	2.738269	12
8238.479976	16.130817	6.387092	2.525534	13
8239.512688	16.769512	6.366919	2.633851	14
8240.509030	13.441950	6.351133	2.116465	15
8241.535261	15.173841	6.378431	2.378930	16
8242.547248	13.019655	6.374522	2.042452	17
8243.569577	14.896494	6.362541	2.341281	18
8244.594794	15.356728	6.375683	2.408641	19
8245.601885	15.291080	6.385242	2.394753	20
8246.623289	13.709683	6.392360	2.144699	21
8247.637867	14.855031	6.371778	2.331379	22
8248.659757	13.814374	6.380682	2.165031	23
8249.683588	16.531441	6.368192	2.595940	24
8250.707081	15.212735	6.397686	2.377850	25
8251.710346	15.018201	6.384578	2.352262	26
8252.731386	13.728824	6.361570	2.158087	27
